VM Count: 1000 arrivalLamda: 0.4 PM type: 3 cpuChangePeriod: 5
Repeat	arrivalLamdaGroup	Name	energyConsume	executeCost	  usedPMNum	  SLA	  migrateVMCount	  scheduleTime
0	0.4	ecoCloud	823.50293	4380.37358		356.00000	0.06180	11.00000	0.09900
0	0.4	KMIMPCU	723.06428	902.74082		95.00000	0.02105	1177.00000	12.05200
0	0.4	AFEDEF	677.33877	1180.11435		84.00000	0.07143	501.00000	7.17600
0	0.4	OSER	664.92400	835.75182		66.00000	0.00000	50.00000	0.70800
1	0.4	ecoCloud	864.04625	4173.65596		371.00000	0.05660	6.00000	0.03100
1	0.4	KMIMPCU	440.39279	6868.53208		152.00000	0.01316	1059.00000	10.30100
1	0.4	AFEDEF	581.02684	4872.58038		127.00000	0.02362	859.00000	32.57800
1	0.4	OSER	645.78103	810.44972		68.00000	0.02941	64.00000	0.56300
2	0.4	ecoCloud	917.35782	5916.61872		354.00000	0.05367	19.00000	0.03000
2	0.4	KMIMPCU	440.12955	739.91017		82.00000	0.00000	1356.00000	9.97700
2	0.4	AFEDEF	558.30468	1555.00153		109.00000	0.00917	708.00000	4.47300
2	0.4	OSER	608.96236	1102.67996		113.00000	0.00885	106.00000	0.58700
3	0.4	ecoCloud	873.57809	6589.76568		398.00000	0.06030	14.00000	0.04000
3	0.4	KMIMPCU	657.27988	1600.61321		87.00000	0.01149	1204.00000	11.02900
3	0.4	AFEDEF	626.09701	1468.85677		81.00000	0.07407	426.00000	1.99900
3	0.4	OSER	658.51196	1241.92339		99.00000	0.02020	89.00000	0.57700
4	0.4	ecoCloud	852.93557	3503.50591		310.00000	0.04194	20.00000	0.01900
4	0.4	KMIMPCU	533.40160	755.56884		87.00000	0.02299	1548.00000	11.20900
4	0.4	AFEDEF	438.30877	955.02370		81.00000	0.07407	498.00000	4.94800
4	0.4	OSER	488.05653	904.12800		68.00000	0.04412	55.00000	0.51800
5	0.4	ecoCloud	755.40834	4900.21569		405.00000	0.04938	13.00000	0.02400
5	0.4	KMIMPCU	553.27669	1639.58155		110.00000	0.04545	1222.00000	12.86700
5	0.4	AFEDEF	624.19810	1189.92526		75.00000	0.05333	470.00000	3.60100
5	0.4	OSER	652.22682	1030.14795		90.00000	0.03333	74.00000	0.67000
6	0.4	ecoCloud	842.57527	5107.57801		347.00000	0.04323	15.00000	0.02600
6	0.4	KMIMPCU	576.70181	1802.86768		99.00000	0.05051	795.00000	9.62900
6	0.4	AFEDEF	604.88242	1038.07407		73.00000	0.01370	449.00000	4.87100
6	0.4	OSER	504.88773	1011.37378		63.00000	0.01587	41.00000	0.52200
7	0.4	ecoCloud	740.69053	3827.04323		330.00000	0.05758	11.00000	0.02200
7	0.4	KMIMPCU	507.41551	724.53102		80.00000	0.05000	952.00000	9.18700
7	0.4	AFEDEF	603.63525	1497.68336		98.00000	0.04082	631.00000	6.48400
7	0.4	OSER	635.31849	931.46551		77.00000	0.00000	79.00000	0.61000
8	0.4	ecoCloud	863.93038	4277.89867		376.00000	0.06117	22.00000	0.02700
8	0.4	KMIMPCU	563.12409	1989.84855		140.00000	0.06429	776.00000	9.45500
8	0.4	AFEDEF	439.94055	1250.41051		97.00000	0.04124	430.00000	6.60600
8	0.4	OSER	622.70622	1046.38370		107.00000	0.00935	136.00000	0.55400
9	0.4	ecoCloud	906.91398	4553.77813		304.00000	0.07237	13.00000	0.05000
9	0.4	KMIMPCU	417.01228	704.97177		161.00000	0.04969	1201.00000	4.14200
9	0.4	AFEDEF	460.64998	742.99286		72.00000	0.05556	366.00000	3.05100
9	0.4	OSER	496.78807	875.73554		76.00000	0.00000	60.00000	0.54000
Average:	0.4	ecoCloud	844.09392	4723.04336	355.10000	0.05580	14.40000	0.03680
Average:	0.4	KMIMPCU	541.17985	1772.91657	109.30000	0.03286	1129.00000	9.98480
Average:	0.4	AFEDEF	561.43824	1575.06628	89.70000	0.04570	533.80000	7.57870
Average:	0.4	OSER	597.81632	979.00394	82.70000	0.01611	75.40000	0.58490
0	0.8	ecoCloud	814.46171	2866.53467		263.00000	0.05703	10.00000	0.01800
0	0.8	KMIMPCU	693.41231	1091.37117		60.00000	0.01667	1104.00000	5.54100
0	0.8	AFEDEF	555.74229	1027.08058		95.00000	0.01053	620.00000	4.67500
0	0.8	OSER	493.34455	1068.92015		99.00000	0.00000	107.00000	0.86400
1	0.8	ecoCloud	728.47838	2276.77936		254.00000	0.07480	8.00000	0.01900
1	0.8	KMIMPCU	523.32384	1222.48712		49.00000	0.04082	1049.00000	7.03400
1	0.8	AFEDEF	723.73217	1096.59795		87.00000	0.02299	789.00000	3.81300
1	0.8	OSER	514.75573	1023.22539		130.00000	0.00000	156.00000	1.11400
2	0.8	ecoCloud	932.75072	2723.73398		182.00000	0.02747	14.00000	0.02300
2	0.8	KMIMPCU	476.94547	905.89774		46.00000	0.02174	1326.00000	8.44100
2	0.8	AFEDEF	489.57198	3948.36983		103.00000	0.00971	774.00000	13.47300
2	0.8	OSER	460.26795	1024.77007		121.00000	0.00826	135.00000	1.06300
3	0.8	ecoCloud	927.65876	2972.02670		252.00000	0.06746	10.00000	0.01700
3	0.8	KMIMPCU	535.18836	823.89407		46.00000	0.00000	1647.00000	8.67100
3	0.8	AFEDEF	772.72973	1149.04683		80.00000	0.02500	614.00000	4.17800
3	0.8	OSER	524.55556	965.49846		121.00000	0.00000	137.00000	1.08300
4	0.8	ecoCloud	886.72269	2117.84965		164.00000	0.04878	13.00000	0.01500
4	0.8	KMIMPCU	481.78919	922.06270		40.00000	0.00000	1024.00000	6.78000
4	0.8	AFEDEF	743.00510	1308.00596		104.00000	0.02885	1173.00000	6.38500
4	0.8	OSER	463.45879	916.26571		113.00000	0.00000	118.00000	1.02000
5	0.8	ecoCloud	679.98536	2292.23162		163.00000	0.02454	7.00000	0.02200
5	0.8	KMIMPCU	656.89279	1028.14448		78.00000	0.05128	592.00000	4.35700
5	0.8	AFEDEF	506.17557	762.04924		62.00000	0.03226	480.00000	2.37300
5	0.8	OSER	508.39258	920.08261		126.00000	0.00000	141.00000	0.94200
6	0.8	ecoCloud	957.16917	2364.47668		163.00000	0.01840	5.00000	0.02200
6	0.8	KMIMPCU	663.91859	1344.62197		37.00000	0.00000	1439.00000	7.87000
6	0.8	AFEDEF	621.25158	1077.94922		86.00000	0.03488	751.00000	4.70100
6	0.8	OSER	639.33094	1100.55644		132.00000	0.00000	168.00000	1.06100
7	0.8	ecoCloud	773.56656	3135.40880		224.00000	0.05357	11.00000	0.01700
7	0.8	KMIMPCU	705.65534	1101.52849		59.00000	0.05085	2051.00000	7.69000
7	0.8	AFEDEF	487.13719	945.47093		88.00000	0.04545	593.00000	3.30200
7	0.8	OSER	480.48818	974.67639		114.00000	0.00000	127.00000	1.01500
8	0.8	ecoCloud	765.69262	3209.70620		213.00000	0.06103	17.00000	0.01900
8	0.8	KMIMPCU	526.16336	1471.04692		56.00000	0.03571	1410.00000	7.04900
8	0.8	AFEDEF	539.40970	872.04902		69.00000	0.02899	508.00000	3.75900
8	0.8	OSER	598.54298	1020.28891		121.00000	0.00826	143.00000	0.95300
9	0.8	ecoCloud	888.07836	2494.46960		202.00000	0.06931	11.00000	0.01500
9	0.8	KMIMPCU	522.07654	1106.80372		36.00000	0.02778	1275.00000	6.21800
9	0.8	AFEDEF	671.38172	1124.84515		114.00000	0.03509	1028.00000	3.43600
9	0.8	OSER	484.00120	1073.68362		112.00000	0.00893	141.00000	1.05100
Average:	0.8	ecoCloud	835.45643	2645.32173	208.00000	0.05024	10.60000	0.01870
Average:	0.8	KMIMPCU	578.53658	1101.78584	50.70000	0.02449	1291.70000	6.96510
Average:	0.8	AFEDEF	611.01370	1331.14647	88.80000	0.02737	733.00000	5.00950
Average:	0.8	OSER	516.71385	1008.79677	118.90000	0.00255	137.30000	1.01660
0	1.2	ecoCloud	873.76521	2620.09485		175.00000	0.05143	9.00000	0.02800
0	1.2	KMIMPCU	565.34550	2844.17555		58.00000	0.00000	1616.00000	3.95500
0	1.2	AFEDEF	612.91058	1195.79364		89.00000	0.01124	681.00000	11.72700
0	1.2	OSER	502.44797	1051.53437		167.00000	0.00000	244.00000	2.29400
1	1.2	ecoCloud	890.39103	2364.99082		145.00000	0.03448	4.00000	0.01800
1	1.2	KMIMPCU	535.02158	1036.16567		66.00000	0.06061	1492.00000	3.47400
1	1.2	AFEDEF	752.23544	1223.40787		83.00000	0.02410	597.00000	1.50000
1	1.2	OSER	660.23143	1066.28882		164.00000	0.00000	237.00000	2.53000
2	1.2	ecoCloud	744.64938	3092.07725		166.00000	0.08434	2.00000	0.02800
2	1.2	KMIMPCU	477.00168	929.39463		73.00000	0.04110	945.00000	1.97200
2	1.2	AFEDEF	654.23375	1015.39219		91.00000	0.03297	747.00000	3.35900
2	1.2	OSER	520.54434	1107.26953		163.00000	0.00000	230.00000	2.46000
3	1.2	ecoCloud	776.68836	2165.57571		171.00000	0.05263	5.00000	0.02300
3	1.2	KMIMPCU	626.56742	1030.63733		62.00000	0.08065	2104.00000	4.63800
3	1.2	AFEDEF	569.69539	993.57073		70.00000	0.05714	483.00000	2.71600
3	1.2	OSER	497.51024	822.16141		140.00000	0.00000	210.00000	2.40500
4	1.2	ecoCloud	905.78744	2370.07483		165.00000	0.03030	4.00000	0.01400
4	1.2	KMIMPCU	552.02572	915.85680		61.00000	0.01639	984.00000	1.70500
4	1.2	AFEDEF	672.16502	1088.50302		74.00000	0.02703	736.00000	2.23600
4	1.2	OSER	534.14166	1038.99496		144.00000	0.00000	222.00000	1.91400
5	1.2	ecoCloud	844.17061	2909.32042		140.00000	0.05714	9.00000	0.03200
5	1.2	KMIMPCU	638.17502	1735.69987		49.00000	0.02041	4304.00000	5.40300
5	1.2	AFEDEF	463.67606	923.74863		71.00000	0.00000	526.00000	1.70700
5	1.2	OSER	533.29965	943.75658		140.00000	0.00000	191.00000	2.32700
6	1.2	ecoCloud	797.96378	2447.52421		138.00000	0.05797	0.00000	0.02400
6	1.2	KMIMPCU	618.23529	1297.63777		49.00000	0.04082	2992.00000	14.02400
6	1.2	AFEDEF	480.16348	1164.58935		80.00000	0.05000	648.00000	5.97000
6	1.2	OSER	499.17114	1011.64550		152.00000	0.00000	219.00000	2.01800
7	1.2	ecoCloud	940.33256	2062.64508		168.00000	0.05357	4.00000	0.02100
7	1.2	KMIMPCU	521.27677	1101.50607		57.00000	0.05263	972.00000	2.27100
7	1.2	AFEDEF	454.88464	858.55388		83.00000	0.02410	483.00000	1.38100
7	1.2	OSER	612.78771	1087.70016		169.00000	0.00000	225.00000	1.95800
8	1.2	ecoCloud	720.84322	2224.84010		136.00000	0.04412	4.00000	0.02600
8	1.2	KMIMPCU	615.02643	1131.47355		56.00000	0.03571	960.00000	2.84100
8	1.2	AFEDEF	777.93640	1139.27576		91.00000	0.06593	589.00000	1.54400
8	1.2	OSER	625.39352	963.51149		165.00000	0.00000	240.00000	2.34000
9	1.2	ecoCloud	921.15816	2347.11660		154.00000	0.04545	4.00000	0.01900
9	1.2	KMIMPCU	567.76672	759.58716		56.00000	0.03571	5856.00000	9.77800
9	1.2	AFEDEF	572.17135	758.25394		87.00000	0.02299	557.00000	1.18700
9	1.2	OSER	511.57603	1286.27417		150.00000	0.00000	183.00000	1.91200
Average:	1.2	ecoCloud	841.57498	2460.42599	155.80000	0.05114	4.50000	0.02330
Average:	1.2	KMIMPCU	571.64421	1278.21344	58.70000	0.03840	2222.50000	5.00610
Average:	1.2	AFEDEF	601.00721	1036.10890	81.90000	0.03155	604.70000	3.33270
Average:	1.2	OSER	549.71037	1037.91370	155.40000	0.00000	220.10000	2.21580
0	1.6	ecoCloud	865.35748	3034.25310		122.00000	0.02459	3.00000	0.03000
0	1.6	KMIMPCU	629.09542	1314.81807		58.00000	0.03448	1315.00000	1.38700
0	1.6	AFEDEF	660.57684	2942.17268		133.00000	0.00752	1360.00000	6.86300
0	1.6	OSER	645.81560	1216.15369		169.00000	0.00000	273.00000	2.90700
1	1.6	ecoCloud	853.64331	2196.53355		123.00000	0.05691	2.00000	0.11000
1	1.6	KMIMPCU	733.27251	908.43065		84.00000	0.00000	512.00000	0.77500
1	1.6	AFEDEF	637.14381	978.64086		78.00000	0.02564	484.00000	1.99900
1	1.6	OSER	461.24105	1099.19358		161.00000	0.00000	242.00000	2.44700
2	1.6	ecoCloud	881.15758	2810.16251		123.00000	0.04878	0.00000	0.03000
2	1.6	KMIMPCU	762.16931	1415.79975		72.00000	0.02778	1272.00000	2.83900
2	1.6	AFEDEF	594.58063	1183.17223		106.00000	0.00000	674.00000	1.76200
2	1.6	OSER	631.55706	1241.13915		203.00000	0.00000	318.00000	4.49000
3	1.6	ecoCloud	732.31927	2341.69533		120.00000	0.04167	2.00000	0.11800
3	1.6	KMIMPCU	532.01031	948.78506		58.00000	0.03448	869.00000	1.60500
3	1.6	AFEDEF	409.41881	932.17426		72.00000	0.01389	503.00000	2.11300
3	1.6	OSER	611.57394	961.46604		134.00000	0.00000	222.00000	2.97900
4	1.6	ecoCloud	880.21089	2998.62534		131.00000	0.06107	0.00000	0.02500
4	1.6	KMIMPCU	511.63144	1461.61009		71.00000	0.01408	1287.00000	2.29900
4	1.6	AFEDEF	511.77857	1275.50717		111.00000	0.00000	754.00000	3.20900
4	1.6	OSER	534.41462	1426.25198		175.00000	0.00571	262.00000	3.59800
5	1.6	ecoCloud	826.88727	2596.34878		114.00000	0.05263	2.00000	0.02000
5	1.6	KMIMPCU	504.95516	1256.80106		62.00000	0.01613	1176.00000	3.14900
5	1.6	AFEDEF	473.45624	928.35831		93.00000	0.02151	559.00000	1.30400
5	1.6	OSER	620.81476	993.03610		177.00000	0.00000	285.00000	3.24900
6	1.6	ecoCloud	950.58460	2678.35959		146.00000	0.10274	0.00000	0.02500
6	1.6	KMIMPCU	668.05911	1137.54322		49.00000	0.00000	1456.00000	1.96900
6	1.6	AFEDEF	442.16020	863.41697		76.00000	0.02632	490.00000	0.69900
6	1.6	OSER	512.36461	1065.33970		162.00000	0.00000	271.00000	3.07100
7	1.6	ecoCloud	671.29096	2432.15679		116.00000	0.04310	1.00000	0.01900
7	1.6	KMIMPCU	531.32267	1079.19062		69.00000	0.05797	514.00000	1.09600
7	1.6	AFEDEF	711.39935	960.15747		85.00000	0.02353	623.00000	1.41700
7	1.6	OSER	516.84548	1132.59927		177.00000	0.00000	278.00000	3.05200
8	1.6	ecoCloud	903.47350	3286.24342		114.00000	0.04386	1.00000	0.02700
8	1.6	KMIMPCU	571.94217	1721.95051		60.00000	0.01667	1142.00000	3.13700
8	1.6	AFEDEF	650.61266	1270.69872		78.00000	0.03846	548.00000	2.28100
8	1.6	OSER	565.39113	1338.28945		153.00000	0.00000	249.00000	3.36200
9	1.6	ecoCloud	876.86032	2490.31856		95.00000	0.06316	1.00000	0.02900
9	1.6	KMIMPCU	495.21790	1067.52491		64.00000	0.00000	708.00000	1.95100
9	1.6	AFEDEF	637.93755	874.74235		89.00000	0.02247	566.00000	1.68900
9	1.6	OSER	645.92872	1111.09719		148.00000	0.00000	241.00000	3.67200
Average:	1.6	ecoCloud	844.17852	2686.46970	120.40000	0.05385	1.20000	0.04330
Average:	1.6	KMIMPCU	593.96760	1231.24539	64.70000	0.02016	1025.10000	2.02070
Average:	1.6	AFEDEF	572.90647	1220.90410	92.10000	0.01793	656.10000	2.33360
Average:	1.6	OSER	574.59470	1158.45662	165.90000	0.00057	264.10000	3.28270
0	2.0	ecoCloud	779.13900	3271.66502		113.00000	0.06195	1.00000	0.03700
0	2.0	KMIMPCU	622.06493	1145.76763		100.00000	0.03000	522.00000	0.73400
0	2.0	AFEDEF	480.71651	935.29601		93.00000	0.01075	401.00000	0.61500
0	2.0	OSER	511.51222	1100.62277		232.00000	0.00000	418.00000	8.68000
1	2.0	ecoCloud	804.18244	2589.04112		105.00000	0.15238	1.00000	0.02900
1	2.0	KMIMPCU	503.82240	1258.38428		65.00000	0.01538	894.00000	1.01700
1	2.0	AFEDEF	664.22621	811.19914		92.00000	0.01087	481.00000	1.12200
1	2.0	OSER	505.66767	918.00424		192.00000	0.00000	346.00000	7.75900
2	2.0	ecoCloud	873.13465	2593.58037		89.00000	0.02247	0.00000	0.02800
2	2.0	KMIMPCU	481.10059	1102.08017		69.00000	0.01449	570.00000	0.83200
2	2.0	AFEDEF	653.08398	1211.51920		80.00000	0.01250	551.00000	1.43800
2	2.0	OSER	494.43123	1185.36798		146.00000	0.00000	275.00000	6.41100
3	2.0	ecoCloud	769.51627	2656.31573		88.00000	0.03409	1.00000	0.03100
3	2.0	KMIMPCU	469.93368	930.33833		105.00000	0.01905	470.00000	0.83400
3	2.0	AFEDEF	663.44002	965.83493		82.00000	0.00000	500.00000	1.06500
3	2.0	OSER	520.97174	1203.52033		211.00000	0.00000	372.00000	7.70000
4	2.0	ecoCloud	743.92502	2314.92480		103.00000	0.04854	0.00000	0.03600
4	2.0	KMIMPCU	454.99588	1552.88415		78.00000	0.02564	3034.00000	3.09600
4	2.0	AFEDEF	712.19164	949.62006		69.00000	0.00000	466.00000	0.74100
4	2.0	OSER	513.68922	954.41867		184.00000	0.00000	312.00000	5.13400
5	2.0	ecoCloud	922.75852	3170.77855		110.00000	0.05455	0.00000	0.03400
5	2.0	KMIMPCU	656.45435	1133.20623		115.00000	0.00870	692.00000	1.35600
5	2.0	AFEDEF	597.49345	1175.61838		99.00000	0.00000	731.00000	8.61600
5	2.0	OSER	541.36182	1227.21043		211.00000	0.00000	402.00000	7.79800
6	2.0	ecoCloud	885.45364	2579.29586		109.00000	0.06422	1.00000	0.03000
6	2.0	KMIMPCU	460.47264	1079.58042		76.00000	0.02632	507.00000	0.75800
6	2.0	AFEDEF	710.90647	1031.19302		95.00000	0.00000	630.00000	1.61300
6	2.0	OSER	510.19947	1085.92681		145.00000	0.00000	281.00000	5.07600
7	2.0	ecoCloud	865.43902	2924.68954		73.00000	0.05479	0.00000	0.03100
7	2.0	KMIMPCU	726.04118	1138.23443		83.00000	0.01205	506.00000	1.26600
7	2.0	AFEDEF	581.64115	1000.18767		85.00000	0.01176	525.00000	1.58700
7	2.0	OSER	626.91666	1126.70603		162.00000	0.00000	300.00000	8.09000
8	2.0	ecoCloud	783.85670	2656.88831		82.00000	0.03659	0.00000	0.04000
8	2.0	KMIMPCU	607.75553	873.04316		81.00000	0.00000	513.00000	1.09300
8	2.0	AFEDEF	576.31785	815.24927		74.00000	0.01351	443.00000	1.66100
8	2.0	OSER	496.62659	1047.54335		186.00000	0.00000	339.00000	7.09300
9	2.0	ecoCloud	923.76317	2574.15409		90.00000	0.10000	0.00000	0.03100
9	2.0	KMIMPCU	440.31114	1355.55699		68.00000	0.01471	1497.00000	1.36600
9	2.0	AFEDEF	640.63968	1195.20823		84.00000	0.02381	557.00000	1.06200
9	2.0	OSER	630.15864	1234.50637		192.00000	0.00000	340.00000	6.78500
Average:	2.0	ecoCloud	835.11684	2733.13334	96.20000	0.06296	0.40000	0.03270
Average:	2.0	KMIMPCU	542.29523	1156.90758	84.00000	0.01663	920.50000	1.23520
Average:	2.0	AFEDEF	628.06570	1009.09259	85.30000	0.00832	528.50000	1.95200
Average:	2.0	OSER	535.15353	1108.38270	186.10000	0.00000	338.50000	7.05260
