VM Count: 1000 arrivalLamda: 1.2 PM type: 3 cpuChangePeriod: 1
Repeat	cpuChangePeriod	Name	energyConsume	executeCost	  usedPMNum	  SLA	  migrateVMCount	  scheduleTime
0	1.0	ecoCloud	888.43512	2459.98972		145.00000	0.04138	12.00000	0.02600
0	1.0	KMIMPCU	781.77701	1610.16844		54.00000	0.03704	1270.00000	5.37200
0	1.0	AFEDEF	574.97102	1030.84021		74.00000	0.05405	808.00000	5.77100
0	1.0	OSER	625.71959	972.90315		147.00000	0.00000	251.00000	1.97900
1	1.0	ecoCloud	717.70996	3091.22426		195.00000	0.10256	13.00000	0.02600
1	1.0	KMIMPCU	595.88608	1144.63144		63.00000	0.06349	1028.00000	4.85700
1	1.0	AFEDEF	683.39443	1023.25200		68.00000	0.04412	754.00000	2.79400
1	1.0	OSER	517.62454	1085.17053		117.00000	0.00000	220.00000	2.27700
2	1.0	ecoCloud	1008.85675	2669.32611		146.00000	0.08219	8.00000	0.01800
2	1.0	KMIMPCU	578.95295	795.47529		38.00000	0.00000	1328.00000	3.74000
2	1.0	AFEDEF	645.15274	892.86834		82.00000	0.03659	918.00000	2.80900
2	1.0	OSER	589.02364	1058.04335		138.00000	0.00000	235.00000	2.26900
3	1.0	ecoCloud	798.90018	3380.75606		141.00000	0.05674	9.00000	0.03200
3	1.0	KMIMPCU	700.68488	1205.75316		60.00000	0.03333	1051.00000	3.09400
3	1.0	AFEDEF	648.75978	1943.17602		80.00000	0.01250	943.00000	13.53800
3	1.0	OSER	477.46706	1267.65072		140.00000	0.00000	253.00000	2.56800
4	1.0	ecoCloud	866.37705	2124.22430		162.00000	0.02469	9.00000	0.01900
4	1.0	KMIMPCU	726.13579	1216.00051		92.00000	0.02174	1566.00000	6.78400
4	1.0	AFEDEF	397.25351	863.72304		67.00000	0.02985	648.00000	4.43500
4	1.0	OSER	611.03998	928.85386		125.00000	0.00000	244.00000	2.28300
5	1.0	ecoCloud	788.98936	1957.67043		104.00000	0.07692	3.00000	0.02100
5	1.0	KMIMPCU	661.02200	705.40791		53.00000	0.01887	1032.00000	3.06900
5	1.0	AFEDEF	688.52388	858.87402		70.00000	0.01429	811.00000	6.17800
5	1.0	OSER	634.65379	789.71361		129.00000	0.00000	217.00000	2.51900
6	1.0	ecoCloud	818.06153	2771.83317		160.00000	0.05000	14.00000	0.02800
6	1.0	KMIMPCU	532.96471	921.03832		55.00000	0.01818	1236.00000	3.55300
6	1.0	AFEDEF	640.79009	935.18920		70.00000	0.01429	857.00000	3.35400
6	1.0	OSER	532.00254	1056.04393		142.00000	0.00000	213.00000	2.19000
7	1.0	ecoCloud	692.45405	2474.21766		151.00000	0.10596	9.00000	0.05900
7	1.0	KMIMPCU	796.63427	1541.79626		66.00000	0.00000	3406.00000	4.96200
7	1.0	AFEDEF	752.39603	1262.92425		84.00000	0.03571	926.00000	5.80600
7	1.0	OSER	530.03413	1028.07529		141.00000	0.00000	280.00000	2.39600
8	1.0	ecoCloud	797.49259	2332.35742		144.00000	0.06944	10.00000	0.01900
8	1.0	KMIMPCU	558.02401	2395.62421		56.00000	0.01786	1014.00000	7.23100
8	1.0	AFEDEF	428.54361	1114.59228		66.00000	0.00000	805.00000	4.31900
8	1.0	OSER	526.63566	1205.63116		135.00000	0.00000	244.00000	2.90200
9	1.0	ecoCloud	966.16043	2660.42784		115.00000	0.02609	5.00000	0.02800
9	1.0	KMIMPCU	738.55112	1414.00625		84.00000	0.01190	701.00000	2.02400
9	1.0	AFEDEF	586.85568	973.45342		87.00000	0.02299	932.00000	5.92800
9	1.0	OSER	485.14880	1131.79960		172.00000	0.00000	299.00000	2.22300
Average:	1.0	ecoCloud	834.34370	2592.20270	146.30000	0.06360	9.20000	0.02760
Average:	1.0	KMIMPCU	667.06328	1294.99018	62.10000	0.02224	1363.20000	4.46860
Average:	1.0	AFEDEF	604.66408	1089.88928	74.80000	0.02644	840.20000	5.49320
Average:	1.0	OSER	552.93497	1052.38852	138.60000	0.00000	245.60000	2.36060
0	2.0	ecoCloud	873.48664	2518.09398		125.00000	0.06400	9.00000	0.05500
0	2.0	KMIMPCU	582.46767	1156.30982		74.00000	0.02703	511.00000	2.07800
0	2.0	AFEDEF	450.82096	1125.84803		72.00000	0.02778	589.00000	8.00000
0	2.0	OSER	524.78244	965.28857		153.00000	0.00000	261.00000	2.36700
1	2.0	ecoCloud	788.71604	2396.67012		146.00000	0.08219	7.00000	0.02500
1	2.0	KMIMPCU	480.26183	1096.83377		66.00000	0.01515	1264.00000	2.84200
1	2.0	AFEDEF	575.46573	1137.17424		78.00000	0.03846	573.00000	3.25200
1	2.0	OSER	596.10326	1052.80949		151.00000	0.00000	271.00000	2.91000
2	2.0	ecoCloud	932.57131	2495.94955		169.00000	0.07101	13.00000	0.02800
2	2.0	KMIMPCU	578.39586	1127.36419		56.00000	0.01786	1464.00000	3.79200
2	2.0	AFEDEF	505.00192	1102.07669		77.00000	0.02597	656.00000	3.58900
2	2.0	OSER	512.09819	1072.98847		167.00000	0.00000	271.00000	2.13800
3	2.0	ecoCloud	742.44872	3007.60989		168.00000	0.05952	11.00000	0.02900
3	2.0	KMIMPCU	683.12414	1158.13174		54.00000	0.05556	1223.00000	3.80000
3	2.0	AFEDEF	753.37170	824.10124		83.00000	0.03614	838.00000	2.60500
3	2.0	OSER	496.17790	1057.14242		154.00000	0.00000	249.00000	2.17000
4	2.0	ecoCloud	920.74503	2562.87494		149.00000	0.08725	7.00000	0.02500
4	2.0	KMIMPCU	590.45215	1099.03450		48.00000	0.02083	3272.00000	7.15000
4	2.0	AFEDEF	614.58059	729.71170		78.00000	0.00000	671.00000	3.22800
4	2.0	OSER	522.71051	829.55087		118.00000	0.00000	169.00000	2.24700
5	2.0	ecoCloud	885.62099	2208.16235		108.00000	0.04630	2.00000	0.02000
5	2.0	KMIMPCU	542.77969	685.97357		55.00000	0.01818	1015.00000	4.44000
5	2.0	AFEDEF	410.22842	959.83075		74.00000	0.04054	785.00000	2.72000
5	2.0	OSER	493.40361	908.50804		132.00000	0.00000	211.00000	2.11200
6	2.0	ecoCloud	780.65135	2110.24242		129.00000	0.07752	13.00000	0.01800
6	2.0	KMIMPCU	555.56142	1165.28420		56.00000	0.01786	1105.00000	1.66200
6	2.0	AFEDEF	462.83848	749.86012		74.00000	0.05405	543.00000	1.92800
6	2.0	OSER	505.10924	1001.03430		117.00000	0.00000	199.00000	2.06000
7	2.0	ecoCloud	887.50226	2152.05361		123.00000	0.07317	1.00000	0.02000
7	2.0	KMIMPCU	665.09857	960.16027		58.00000	0.05172	1473.00000	2.48900
7	2.0	AFEDEF	459.53796	1032.86553		105.00000	0.01905	908.00000	2.36400
7	2.0	OSER	514.39397	979.35856		173.00000	0.00000	279.00000	2.95500
8	2.0	ecoCloud	783.73647	2360.76586		132.00000	0.06061	5.00000	0.01900
8	2.0	KMIMPCU	699.05420	1458.17958		55.00000	0.00000	1583.00000	4.17300
8	2.0	AFEDEF	744.14215	952.86094		92.00000	0.03261	813.00000	3.62200
8	2.0	OSER	462.32957	1077.65844		168.00000	0.00000	280.00000	2.65800
9	2.0	ecoCloud	895.61911	2358.27712		126.00000	0.07143	6.00000	0.02000
9	2.0	KMIMPCU	482.26317	1673.26936		60.00000	0.01667	1903.00000	3.58500
9	2.0	AFEDEF	511.25920	1372.86990		66.00000	0.04545	769.00000	2.58900
9	2.0	OSER	498.75185	1216.08122		135.00000	0.00000	248.00000	2.59800
Average:	2.0	ecoCloud	849.10979	2417.06998	137.50000	0.06930	7.40000	0.02590
Average:	2.0	KMIMPCU	585.94587	1158.05410	58.20000	0.02409	1481.30000	3.60110
Average:	2.0	AFEDEF	548.72471	998.71991	79.90000	0.03201	714.50000	3.38970
Average:	2.0	OSER	512.58605	1016.04204	146.80000	0.00000	243.80000	2.42150
0	5.0	ecoCloud	849.42805	2805.94475		148.00000	0.05405	4.00000	0.02100
0	5.0	KMIMPCU	518.98429	912.94130		41.00000	0.02439	1388.00000	3.09800
0	5.0	AFEDEF	707.72583	1018.10024		74.00000	0.02703	617.00000	2.60000
0	5.0	OSER	627.70119	1103.03792		123.00000	0.00000	182.00000	1.90400
1	5.0	ecoCloud	931.12898	2913.91210		168.00000	0.02976	1.00000	0.02900
1	5.0	KMIMPCU	572.55285	1381.66153		58.00000	0.03448	1239.00000	2.97600
1	5.0	AFEDEF	480.93306	1163.15794		86.00000	0.02326	543.00000	17.44700
1	5.0	OSER	514.78990	1059.34648		134.00000	0.00746	202.00000	1.80300
2	5.0	ecoCloud	1010.02551	2760.58999		154.00000	0.03896	9.00000	0.02400
2	5.0	KMIMPCU	801.03215	1530.12814		62.00000	0.04839	1594.00000	3.17200
2	5.0	AFEDEF	698.96291	1119.84816		108.00000	0.02778	1175.00000	2.00900
2	5.0	OSER	502.63961	918.05903		140.00000	0.00000	212.00000	2.09000
3	5.0	ecoCloud	762.30543	2127.69165		182.00000	0.06593	8.00000	0.02300
3	5.0	KMIMPCU	512.18529	1164.88513		43.00000	0.02326	1286.00000	3.85600
3	5.0	AFEDEF	515.94501	806.66769		72.00000	0.01389	525.00000	1.30000
3	5.0	OSER	504.75858	841.98368		135.00000	0.00000	189.00000	2.17500
4	5.0	ecoCloud	682.58022	2061.29179		157.00000	0.05732	8.00000	0.01800
4	5.0	KMIMPCU	531.46516	1253.55314		58.00000	0.03448	1374.00000	3.63500
4	5.0	AFEDEF	792.70033	1121.84842		87.00000	0.03448	603.00000	1.71500
4	5.0	OSER	624.87379	1098.83903		130.00000	0.00000	172.00000	2.48400
5	5.0	ecoCloud	958.92473	2741.18026		129.00000	0.06202	2.00000	0.02500
5	5.0	KMIMPCU	548.28454	1083.67622		65.00000	0.06154	2478.00000	4.23500
5	5.0	AFEDEF	522.12721	1066.43098		79.00000	0.02532	485.00000	1.18200
5	5.0	OSER	605.63024	985.56821		144.00000	0.00000	231.00000	2.73800
6	5.0	ecoCloud	826.90147	2977.53542		141.00000	0.04965	6.00000	0.02700
6	5.0	KMIMPCU	578.63965	1065.62518		54.00000	0.00000	2445.00000	10.39600
6	5.0	AFEDEF	723.38996	1319.96301		69.00000	0.01449	550.00000	1.70700
6	5.0	OSER	611.80299	1158.13312		145.00000	0.00000	192.00000	2.55200
7	5.0	ecoCloud	795.87923	2142.59629		124.00000	0.02419	6.00000	0.02700
7	5.0	KMIMPCU	459.89399	1635.66545		56.00000	0.03571	987.00000	3.61000
7	5.0	AFEDEF	714.48806	1202.97763		82.00000	0.02439	554.00000	3.26300
7	5.0	OSER	520.13028	1165.22700		148.00000	0.00000	225.00000	1.93300
8	5.0	ecoCloud	942.77178	2616.12508		164.00000	0.07927	5.00000	0.02100
8	5.0	KMIMPCU	490.66092	717.87474		55.00000	0.03636	743.00000	2.07500
8	5.0	AFEDEF	502.68755	1032.18081		96.00000	0.01042	643.00000	1.42900
8	5.0	OSER	511.03845	1185.06151		131.00000	0.00000	183.00000	2.12700
9	5.0	ecoCloud	875.94158	2644.30477		158.00000	0.04430	8.00000	0.02000
9	5.0	KMIMPCU	550.75561	1075.80850		55.00000	0.01818	876.00000	1.20800
9	5.0	AFEDEF	452.35923	1028.31673		78.00000	0.03846	538.00000	2.63300
9	5.0	OSER	620.30142	1000.57475		144.00000	0.00694	205.00000	3.01000
Average:	5.0	ecoCloud	863.58870	2579.11721	152.50000	0.05055	5.70000	0.02350
Average:	5.0	KMIMPCU	556.44544	1182.18193	54.70000	0.03168	1441.00000	3.82610
Average:	5.0	AFEDEF	611.13192	1087.94916	83.10000	0.02395	623.30000	3.52850
Average:	5.0	OSER	564.36664	1051.58307	137.40000	0.00144	199.30000	2.28160
0	10.0	ecoCloud	757.43563	2392.34924		176.00000	0.04545	2.00000	0.02400
0	10.0	KMIMPCU	509.04156	1552.48530		61.00000	0.01639	1091.00000	2.75900
0	10.0	AFEDEF	584.56994	1128.57853		88.00000	0.00000	438.00000	6.98800
0	10.0	OSER	639.39806	1148.98764		164.00000	0.00000	220.00000	2.65900
1	10.0	ecoCloud	843.12801	2400.56639		155.00000	0.07097	3.00000	0.02700
1	10.0	KMIMPCU	657.43583	973.90154		57.00000	0.03509	1154.00000	2.81100
1	10.0	AFEDEF	570.47129	1075.26270		79.00000	0.03797	714.00000	1.67300
1	10.0	OSER	531.84199	1057.46923		150.00000	0.00000	197.00000	2.60000
2	10.0	ecoCloud	713.38342	2907.24461		148.00000	0.04730	2.00000	0.02500
2	10.0	KMIMPCU	476.62917	1261.20668		58.00000	0.01724	1411.00000	3.94600
2	10.0	AFEDEF	723.72212	972.56835		75.00000	0.02667	424.00000	1.49400
2	10.0	OSER	646.75726	1011.04509		131.00000	0.00000	170.00000	1.89400
3	10.0	ecoCloud	694.84220	2696.62314		140.00000	0.10000	8.00000	0.03100
3	10.0	KMIMPCU	429.34659	923.38657		60.00000	0.05000	810.00000	2.44300
3	10.0	AFEDEF	592.00947	784.12735		68.00000	0.04412	378.00000	1.36800
3	10.0	OSER	493.79741	1064.00803		125.00000	0.00000	155.00000	1.98400
4	10.0	ecoCloud	795.50989	2552.67875		141.00000	0.10638	3.00000	0.01900
4	10.0	KMIMPCU	587.67131	1288.11768		41.00000	0.02439	2159.00000	5.28900
4	10.0	AFEDEF	574.28764	1555.20114		78.00000	0.03846	542.00000	3.02300
4	10.0	OSER	646.95919	1061.02917		120.00000	0.00000	187.00000	2.52900
5	10.0	ecoCloud	943.22558	2221.34066		162.00000	0.02469	4.00000	0.02300
5	10.0	KMIMPCU	657.11198	1180.51772		55.00000	0.00000	1145.00000	2.07900
5	10.0	AFEDEF	382.50120	1572.53340		101.00000	0.00000	635.00000	2.44100
5	10.0	OSER	539.17355	1004.02560		141.00000	0.00000	176.00000	2.07700
6	10.0	ecoCloud	780.94996	2356.29917		134.00000	0.10448	3.00000	0.02000
6	10.0	KMIMPCU	455.04873	1098.94401		69.00000	0.02899	918.00000	1.70600
6	10.0	AFEDEF	652.74922	1105.41557		76.00000	0.02632	486.00000	1.50100
6	10.0	OSER	541.34405	1083.83669		135.00000	0.00000	201.00000	2.71400
7	10.0	ecoCloud	754.18711	2050.73841		130.00000	0.03846	2.00000	0.01700
7	10.0	KMIMPCU	628.26845	1366.15348		52.00000	0.03846	1453.00000	3.53900
7	10.0	AFEDEF	604.83030	914.63686		72.00000	0.04167	501.00000	0.99000
7	10.0	OSER	651.01581	1033.49902		109.00000	0.00000	126.00000	2.50100
8	10.0	ecoCloud	864.73877	2429.65641		159.00000	0.06289	4.00000	0.02200
8	10.0	KMIMPCU	712.85043	817.81520		42.00000	0.02381	4723.00000	8.94400
8	10.0	AFEDEF	605.28511	824.95552		87.00000	0.01149	494.00000	1.93900
8	10.0	OSER	513.05351	856.88662		137.00000	0.00000	161.00000	2.14900
9	10.0	ecoCloud	644.53675	2163.46279		166.00000	0.05422	1.00000	0.01700
9	10.0	KMIMPCU	633.21372	1008.58837		71.00000	0.02817	640.00000	1.36200
9	10.0	AFEDEF	465.78180	1030.30293		90.00000	0.03333	565.00000	1.87900
9	10.0	OSER	470.49387	1032.48826		166.00000	0.00000	285.00000	2.60800
Average:	10.0	ecoCloud	779.19373	2417.09596	151.10000	0.06548	3.20000	0.02250
Average:	10.0	KMIMPCU	574.66178	1147.11166	56.60000	0.02625	1550.40000	3.48780
Average:	10.0	AFEDEF	575.62081	1096.35823	81.40000	0.02600	517.70000	2.32960
Average:	10.0	OSER	567.38347	1035.32754	137.80000	0.00000	187.80000	2.37150
0	20.0	ecoCloud	914.07083	2444.64455		168.00000	0.06548	1.00000	0.02100
0	20.0	KMIMPCU	572.11396	807.35269		46.00000	0.00000	1727.00000	3.39100
0	20.0	AFEDEF	699.94566	1143.22840		90.00000	0.02222	566.00000	2.58300
0	20.0	OSER	529.63975	1105.31079		153.00000	0.00000	190.00000	1.81400
1	20.0	ecoCloud	883.55491	2142.08369		159.00000	0.05031	3.00000	0.02200
1	20.0	KMIMPCU	523.53027	776.50383		33.00000	0.06061	1755.00000	2.96800
1	20.0	AFEDEF	659.05939	1302.38268		92.00000	0.02174	550.00000	10.80600
1	20.0	OSER	635.91309	1054.21736		117.00000	0.00000	141.00000	1.89700
2	20.0	ecoCloud	945.51006	2738.30796		203.00000	0.03448	4.00000	0.02800
2	20.0	KMIMPCU	635.88479	1434.56577		63.00000	0.03175	1038.00000	3.26100
2	20.0	AFEDEF	636.68369	1044.89580		79.00000	0.03797	427.00000	1.53300
2	20.0	OSER	551.09970	1412.00116		140.00000	0.00000	178.00000	1.85800
3	20.0	ecoCloud	932.63313	2654.61261		152.00000	0.05921	6.00000	0.01800
3	20.0	KMIMPCU	705.58029	1145.30321		54.00000	0.03704	1056.00000	1.68900
3	20.0	AFEDEF	524.23192	1071.24973		79.00000	0.02532	442.00000	0.68600
3	20.0	OSER	630.78133	1048.67398		149.00000	0.00000	201.00000	2.17800
4	20.0	ecoCloud	873.53843	2587.14550		173.00000	0.06358	4.00000	0.02100
4	20.0	KMIMPCU	515.72936	1122.71306		53.00000	0.01887	1517.00000	4.27100
4	20.0	AFEDEF	495.82021	1017.25356		79.00000	0.02532	394.00000	1.77100
4	20.0	OSER	512.87261	1257.06648		163.00000	0.00000	219.00000	2.15200
5	20.0	ecoCloud	803.09202	2172.03167		174.00000	0.04023	1.00000	0.01200
5	20.0	KMIMPCU	653.20593	946.54040		50.00000	0.02000	2464.00000	5.34400
5	20.0	AFEDEF	605.71252	1198.42672		94.00000	0.03191	594.00000	3.14200
5	20.0	OSER	649.98933	991.28576		130.00000	0.00000	155.00000	1.92100
6	20.0	ecoCloud	737.04121	2140.92476		163.00000	0.05521	0.00000	0.01100
6	20.0	KMIMPCU	701.92083	2004.62951		73.00000	0.02740	5100.00000	27.97800
6	20.0	AFEDEF	694.17765	1122.27866		97.00000	0.04124	541.00000	2.25000
6	20.0	OSER	528.37591	852.11931		158.00000	0.00000	189.00000	1.75600
7	20.0	ecoCloud	745.41818	2102.03367		134.00000	0.08209	4.00000	0.01900
7	20.0	KMIMPCU	601.10770	1344.63313		55.00000	0.00000	1227.00000	2.12800
7	20.0	AFEDEF	685.55872	1464.05503		97.00000	0.03093	1087.00000	7.49800
7	20.0	OSER	521.16849	1031.06980		137.00000	0.00000	158.00000	1.80800
8	20.0	ecoCloud	818.63195	2306.88744		133.00000	0.09023	1.00000	0.01900
8	20.0	KMIMPCU	602.35012	1177.37604		57.00000	0.03509	2091.00000	4.99700
8	20.0	AFEDEF	487.22194	1211.22941		82.00000	0.02439	467.00000	0.87900
8	20.0	OSER	549.55901	1056.84460		171.00000	0.00000	245.00000	2.56800
9	20.0	ecoCloud	908.47725	2476.81129		157.00000	0.07006	1.00000	0.03100
9	20.0	KMIMPCU	762.51507	1356.07631		53.00000	0.01887	4200.00000	6.39600
9	20.0	AFEDEF	738.18779	1212.49005		87.00000	0.01149	705.00000	3.06200
9	20.0	OSER	488.32623	960.32006		159.00000	0.00000	206.00000	2.10200
Average:	20.0	ecoCloud	856.19680	2376.54831	161.60000	0.06109	2.50000	0.02020
Average:	20.0	KMIMPCU	627.39383	1211.56939	53.70000	0.02496	2217.50000	6.24230
Average:	20.0	AFEDEF	622.65995	1178.74900	87.60000	0.02725	577.30000	3.42100
Average:	20.0	OSER	559.77254	1076.89093	147.70000	0.00000	188.20000	2.00540
